1 20 53466 2.63
2 20 67647 6.47
3 24 133039 24.04
4 20 38099 19.95
5 58 738 0.04
6 20 6160 0.35

1 19 39579 2.11
2 19 56712 5.35
3 25 148387 31.75
4 19 35654 13.40
5 159 2422 0.15
6 19 3487 0.23

1 18 17416 0.79
2 18 35364 2.92
3 24 849 0.08
4 18 53 5.05
5 82 746 0.05
6 18 1847 0.11

1 17 12664 0.57
2 17 24449 1.77
3 23 1421 0.12
4 17 52 3.57
5 81 745 0.05
6 17 1163 0.07

1 16 9669 0.43
2 16 16645 1.14
3 24 108047 17.51
4 16 6759 2.50
5 40 713 0.04
6 16 825 0.05

1 15 5188 0.25
2 15 11639 0.75
3 25 838 0.07
4 15 50 1.27
5 127 906 0.05
6 15 596 0.03

1 14 4334 0.21
2 14 9055 0.58
3 24 48775 6.39
4 14 2047 1.07
5 74 1702 0.09
6 14 434 0.02

1 13 2750 0.14
2 13 5078 0.31
3 25 35604 4.24
4 13 1953 0.65
5 127 906 0.05
6 13 243 0.01

1 12 1117 0.07
2 12 2689 0.16
3 22 3364 0.31
4 12 47 0.25
5 40 714 0.04
6 12 137 0.01

1 11 786 0.06
2 11 1664 0.09
3 25 3922 0.37
4 11 46 0.17
5 95 1493 0.08
6 11 107 0.01

1 10 582 0.05
2 10 1051 0.06
3 20 93897 14.73
4 10 422 0.19
5 96 1493 0.09
6 10 67 0.00

1 9 306 0.04
2 9 558 0.03
3 25 9673 0.91
4 9 44 0.07
5 109 907 0.05
6 9 43 0.00

1 8 252 0.03
2 8 476 0.03
3 22 53207 6.94
4 8 135 0.08
5 64 277 0.02
6 8 31 0.00

1 7 163 0.03
2 7 260 0.02
3 23 39163 4.80
4 7 136 0.05
5 7 15 0.00
6 7 15 0.00

1 6 69 0.02
2 6 134 0.02
3 22 32218 4.00
4 6 41 0.03
5 6 13 0.00
6 6 13 0.00

1 5 59 0.01
2 5 63 0.01
3 25 25776 2.83
4 5 56 0.02
5 5 12 0.00
6 5 12 0.00

1 4 35 0.01
2 4 67 0.01
3 22 30827 3.63
4 4 32 0.02
5 4 10 0.00
6 4 10 0.00

1 3 11 0.00
2 3 19 0.01
3 23 25724 2.94
4 3 4 0.01
5 3 7 0.00
6 3 7 0.00

1 2 7 0.00
2 2 11 0.00
3 24 19542 2.16
4 2 6 0.01
5 2 5 0.00
6 2 5 0.00

1 1 3 0.00
2 1 7 0.00
3 25 38078 4.34
4 1 2 0.02
5 1 4 0.00
6 1 4 0.00

